7458496
VALIDATION LOSS:  7.066964285714286
VALIDATION ACCURACY 0.15146683673469388 %
7.0670625 7.0625
7.0634375 7.0625
7.0484375 7.03125
7.01771875 6.96875
6.9755 6.9375
3.131210859864252e-05
VALIDATION LOSS:  6.936224489795919
VALIDATION ACCURACY 0.19331951530612246 %
6.933875 6.90625
6.89740625 6.90625
6.8636875 6.8125
6.83140625 6.78125
6.79834375 6.75
6.261171735353308e-05
VALIDATION LOSS:  6.776466836734694
VALIDATION ACCURACY 0.5331708576287658 %
6.76621875 6.71875
6.73684375 6.71875
6.70821875 6.6875
6.68084375 6.65625
6.6555625 6.59375
9.391132610842365e-05
VALIDATION LOSS:  6.645089285714286
VALIDATION ACCURACY 1.041571762633625 %
6.628375 6.59375
6.599 6.53125
6.5703125 6.53125
6.5456875 6.53125
6.52428125 6.5
0.00012521093486331423
VALIDATION LOSS:  6.5248724489795915
VALIDATION ACCURACY 1.530802052964043 %
6.50621875 6.46875
6.4955 6.46875
6.4870625 6.53125
6.47565625 6.4375
6.45784375 6.375
0.00015651054361820476
VALIDATION LOSS:  6.459821428571429
VALIDATION ACCURACY 1.830888605442177 %
6.4399375 6.46875
6.4263125 6.40625
6.4075 6.375
6.379625 6.34375
6.35009375 6.28125
0.00018781015237309535
VALIDATION LOSS:  6.349808673469388
VALIDATION ACCURACY 2.4358069120505346 %
6.331 6.3125
6.3109375 6.28125
6.28628125 6.28125
6.27259375 6.28125
6.254 6.21875
0.0002191097611279859
VALIDATION LOSS:  6.255739795918367
VALIDATION ACCURACY 2.8890685738581148 %
6.22478125 6.1875
6.204375 6.125
6.1884375 6.125
6.17003125 6.09375
6.15040625 6.125
0.0002504093698828765
VALIDATION LOSS:  6.146045918367347
VALIDATION ACCURACY 3.5728521319241984 %
6.13390625 6.15625
6.11528125 6.0625
6.09046875 6.09375
6.06865625 6.0625
6.04765625 6.03125
0.000281708978637767
VALIDATION LOSS:  6.066645408163265
VALIDATION ACCURACY 4.19494806851312 %
6.02403125 6.0625
6.00159375 6.03125
5.9783125 5.875
5.9513125 5.9375
5.92265625 5.8125
0.0003130085873926576
VALIDATION LOSS:  5.916454081632653
VALIDATION ACCURACY 5.191535319484936 %
5.89028125 5.84375
5.8629375 5.8125
5.83975 5.8125
5.8145 5.78125
5.78909375 5.8125
0.00034430819614754817
VALIDATION LOSS:  5.830676020408164
VALIDATION ACCURACY 5.855389030612245 %
5.75959375 5.65625
5.73003125 5.78125
5.70234375 5.625
5.68125 5.65625
5.6571875 5.75
0.0003756078049024387
VALIDATION LOSS:  5.694196428571429
VALIDATION ACCURACY 6.645844721817298 %
5.6221875 5.59375
5.582875 5.53125
5.54825 5.46875
5.52296875 5.46875
5.498375 5.46875
0.0004069074136573293
VALIDATION LOSS:  5.496492346938775
VALIDATION ACCURACY 8.250482112487852 %
5.4656875 5.40625
5.43375 5.46875
5.40790625 5.34375
5.38509375 5.3125
5.3594375 5.375
0.0004382070224122199
VALIDATION LOSS:  5.395408163265306
VALIDATION ACCURACY 8.997851372691933 %
5.32475 5.3125
5.28859375 5.25
5.26125 5.125
5.233875 5.25
5.20525 5.1875
0.0004695066311671104
VALIDATION LOSS:  5.229910714285714
VALIDATION ACCURACY 10.286648141399418 %
5.16975 4.96875
5.13646875 4.96875
5.1159375 4.96875
5.09259375 5.03125
5.06915625 4.96875
0.000500806239922001
VALIDATION LOSS:  5.1020408163265305
VALIDATION ACCURACY 11.630773961370263 %
5.02953125 5.0
4.9904375 4.96875
4.9676875 4.96875
4.95065625 5.0625
4.92903125 4.75
0.0005321058486768916
VALIDATION LOSS:  4.973214285714286
VALIDATION ACCURACY 12.706606079931973 %
4.888 4.84375
4.852625 4.9375
4.83240625 4.875
4.80684375 4.8125
4.7838125 4.78125
0.000563405457431782
VALIDATION LOSS:  4.878507653061225
VALIDATION ACCURACY 13.565582482993197 %
4.75153125 4.78125
4.7200625 4.78125
4.695625 4.6875
4.67121875 4.53125
4.6485625 4.65625
0.0005947050661866726
VALIDATION LOSS:  4.736926020408164
VALIDATION ACCURACY 14.907145894071915 %
4.60096875 4.5625
4.5621875 4.5
4.5473125 4.59375
4.53103125 4.71875
4.50640625 4.46875
0.0006260046749415632
VALIDATION LOSS:  4.615433673469388
VALIDATION ACCURACY 16.120968476676385 %
4.456 4.5
4.41784375 4.46875
4.40471875 4.46875
4.39071875 4.40625
4.37709375 4.40625
0.0006573042836964537
VALIDATION LOSS:  4.503188775510204
VALIDATION ACCURACY 17.329950953595723 %
4.3288125 4.21875
4.2865 4.21875
4.27171875 4.125
4.2546875 4.28125
4.238875 4.40625
0.0006886038924513444
VALIDATION LOSS:  4.40656887755102
VALIDATION ACCURACY 18.511980685131196 %
4.182296875 4.0625
4.133640625 4.125
4.125140625 4.03125
4.108828125 3.984375
4.09059375 3.984375
0.000719903501206235
VALIDATION LOSS:  4.263392857142857
VALIDATION ACCURACY 20.0715386601069 %
4.036484375 3.890625
3.98778125 4.0
3.981359375 4.0625
3.96778125 4.0625
3.957546875 3.8125
0.0007512031099611255
VALIDATION LOSS:  4.15609056122449
VALIDATION ACCURACY 21.36005071671526 %
3.903265625 3.828125
3.85825 4.0
3.851875 3.8125
3.835171875 3.703125
3.82571875 3.765625
0.0007825027187160161
VALIDATION LOSS:  4.034917091836735
VALIDATION ACCURACY 23.011760507774536 %
3.76715625 3.6875
3.721609375 3.8125
3.727609375 3.78125
3.719953125 3.703125
3.70596875 3.765625
0.0008138023274709067
VALIDATION LOSS:  3.950892857142857
VALIDATION ACCURACY 24.011384687803695 %
3.645859375 3.640625
3.591546875 3.6875
3.59140625 3.734375
3.590859375 3.40625
3.581453125 3.546875
0.0008451019362257972
VALIDATION LOSS:  3.834980867346939
VALIDATION ACCURACY 25.493595875850342 %
3.52021875 3.34375
3.46978125 3.46875
3.47121875 3.46875
3.46784375 3.328125
3.464265625 3.59375
0.0008764015449806878
VALIDATION LOSS:  3.7853954081632653
VALIDATION ACCURACY 26.378481079931973 %
3.401734375 3.453125
3.345828125 3.1875
3.349484375 3.21875
3.350453125 3.359375
3.350171875 3.265625
0.0009077011537355784
VALIDATION LOSS:  3.682238520408163
VALIDATION ACCURACY 27.514007835276967 %
3.285140625 3.234375
3.225171875 3.328125
3.235796875 3.21875
3.24590625 3.25
3.2451875 3.375
0.0009390007624904688
VALIDATION LOSS:  3.5905612244897958
VALIDATION ACCURACY 28.768354439990283 %
3.1665625 3.09375
3.106625 2.984375
3.130109375 3.203125
3.141296875 3.140625
3.14759375 3.171875
0.0009703003712453594
VALIDATION LOSS:  3.5020727040816326
VALIDATION ACCURACY 29.765321307094265 %
3.06703125 3.109375
3.003546875 3.046875
3.02946875 3.0
3.03628125 3.109375
3.04265625 3.15625
0.00099999930246235
VALIDATION LOSS:  3.4213966836734695
VALIDATION ACCURACY 31.001446337463555 %
2.9639375 3.03125
2.895859375 2.890625
2.920625 2.90625
2.931390625 2.796875
2.935375 3.15625
0.0009997050841003662
VALIDATION LOSS:  3.3708545918367347
VALIDATION ACCURACY 31.689215864917394 %
2.85721875 2.71875
2.79228125 2.828125
2.814546875 2.828125
2.826421875 2.890625
2.837890625 3.140625
0.0009988771635438525
VALIDATION LOSS:  3.2973533163265305
VALIDATION ACCURACY 32.909776633867835 %
2.758375 2.59375
2.682921875 2.734375
2.70740625 2.78125
2.73009375 2.65625
2.738046875 2.71875
0.0009975159827861773
VALIDATION LOSS:  3.2544642857142856
VALIDATION ACCURACY 33.417608114674444 %
2.653796875 2.578125
2.587453125 2.703125
2.625953125 2.703125
2.64525 2.78125
2.65171875 2.640625
0.0009956222685068078
VALIDATION LOSS:  3.2377232142857144
VALIDATION ACCURACY 33.96045918367347 %
2.566671875 2.515625
2.496421875 2.453125
2.53215625 2.59375
2.552375 2.703125
2.568671875 2.578125
0.0009931970316833635
VALIDATION LOSS:  3.167091836734694
VALIDATION ACCURACY 34.789161200194364 %
2.486171875 2.265625
2.416859375 2.578125
2.453734375 2.46875
2.477328125 2.53125
2.491234375 2.53125
0.0009902415670518983
VALIDATION LOSS:  3.1165497448979593
VALIDATION ACCURACY 35.520112062682216 %
2.404484375 2.296875
2.34171875 2.265625
2.3825 2.515625
2.40003125 2.4375
2.417890625 2.59375
0.0009867574524156906
VALIDATION LOSS:  3.108577806122449
VALIDATION ACCURACY 35.91197081511176 %
2.3337265625 2.296875
2.2672890625 2.28125
2.309515625 2.3125
2.329953125 2.34375
2.350984375 2.46875
0.00098274654780292
VALIDATION LOSS:  3.0731823979591835
VALIDATION ACCURACY 36.258370535714285 %
2.2680859375 2.203125
2.193765625 2.203125
2.2257890625 2.171875
2.258546875 2.171875
2.285625 2.359375
0.000978210994473672
VALIDATION LOSS:  3.0580357142857144
VALIDATION ACCURACY 36.55845708819242 %
2.19603125 2.140625
2.1301328125 2.203125
2.1735 2.109375
2.1965 2.421875
2.220953125 2.109375
0.0009731532137768058
VALIDATION LOSS:  3.0306122448979593
VALIDATION ACCURACY 37.26852906341108 %
2.1354296875 2.046875
2.061046875 2.15625
2.10696875 2.203125
2.141 2.25
2.158328125 2.296875
0.0009675759058572946
VALIDATION LOSS:  3.0261479591836733
VALIDATION ACCURACY 37.420660228377066 %
2.069953125 2.0625
2.0035625 2.109375
2.0483046875 2.140625
2.083875 2.109375
2.1082734375 1.96875
0.0009614820482147266
VALIDATION LOSS:  3.021205357142857
VALIDATION ACCURACY 37.547641824586975 %
2.020328125 2.078125
1.9480859375 2.109375
1.9936484375 2.0625
2.0272734375 2.1875
2.051609375 1.828125
0.0009548748941137384
VALIDATION LOSS:  3.014190051020408
VALIDATION ACCURACY 37.788982780612244 %
1.9667578125 1.8828125
1.8966015625 1.875
1.940625 1.9609375
1.97165625 1.9140625
1.9983046875 2.078125
0.0009477579708472278
VALIDATION LOSS:  3.008769132653061
VALIDATION ACCURACY 37.60097789115646 %
1.9115546875 1.8984375
1.84303125 1.859375
1.8912109375 1.921875
1.923875 2.015625
1.9485625 1.9296875
0.0009401350778532753
VALIDATION LOSS:  3.0066964285714284
VALIDATION ACCURACY 37.94472029883382 %
1.861125 1.765625
1.7893125 1.78125
1.8353515625 1.8984375
1.872453125 1.890625
1.896765625 1.90625
0.0009320102846867769
VALIDATION LOSS:  3.002551020408163
VALIDATION ACCURACY 38.15730533284743 %
1.8097578125 1.7578125
1.7401875 1.6640625
1.7887421875 1.8671875
1.8253359375 1.9140625
1.8458984375 1.8203125
0.000923387928846873
VALIDATION LOSS:  3.0213647959183674
VALIDATION ACCURACY 37.98486470481049 %
1.7616171875 1.671875
1.6930546875 1.6328125
1.737859375 1.90625
1.775671875 1.8203125
1.808203125 1.921875
0.0009142726134613332
VALIDATION LOSS:  3.0239158163265305
VALIDATION ACCURACY 38.1304474914966 %
1.721609375 1.4453125
1.6447890625 1.71875
1.6895859375 1.6484375
1.7285703125 1.8125
1.757921875 1.6171875
0.0009046692048291312
VALIDATION LOSS:  3.014349489795918
VALIDATION ACCURACY 38.315700163994165 %
1.67321875 1.5078125
1.6074921875 1.66406257458496
3.1299608754890565e-05
6.258671766602918e-05
9.387382657716778e-05
0.0001251609354883064
0.000156448044399445
0.00018773515331058365
0.00021902226222172223
0.0002503093711328608
0.00028159648004399946
0.0003128835889551381
0.0003441706978662767
0.0003754578067774153
0.0004067449156885539
0.0004380320245996925
0.00046931913351083113
0.0005006062424219698
0.0005318933513331083
0.0005631804602442469
0.0005944675691553856
0.0006257546780665242
0.0006570417869776629
0.0006883288958888014
0.00071961600479994
0.0007509031137110787
0.0007821902226222173
0.000813477331533356
0.0008447644404444944
0.000876051549355633
0.0009073386582667717
0.0009386257671779103
0.0009699128760890489
0.000999999607635052
0.0009997124326944797
0.000998891977815034
0.000997538680654699
0.0009956532631072946
0.0009932367309173947
0.0009902903731438288
0.0009868157614720556
0.0009828147493757737
0.0009782894711282163
0.0009732423406636592
0.0009676760502897477
0.0009615935692513301
0.0009549981421465626
0.0009478932871961342
0.0009402827943665289
0.0009321707233483317
0.0009235614013906551
0.0009144594209928389
VALIDATION LOSS:  3.01578443877551
VALIDATION ACCURACY 38.242244442419825 %
2.9376875 3.0
2.776296875 2.703125
2.59484375 2.609375
2.558515625 2.65625
2.526109375 2.34375
0.0009048657093292434
VALIDATION LOSS:  3.0628188775510203
VALIDATION ACCURACY 36.629255496841594 %
2.455859375 2.53125
2.40634375 2.375
2.412390625 2.171875
2.415265625 2.5
2.411203125 2.515625
0.0008947889263854227
VALIDATION LOSS:  3.001594387755102
VALIDATION ACCURACY 37.53615843658892 %
2.3544375 2.140625
2.3121875 2.390625
2.323828125 2.203125
2.32446875 2.359375
2.325453125 2.296875
0.0008842344517490735
VALIDATION LOSS:  2.966517857142857
VALIDATION ACCURACY 38.09874954446064 %
2.2776171875 2.140625
2.23615625 2.46875
2.2470234375 2.203125
2.260359375 2.328125
2.2681484375 2.21875
0.0008732079200282069
VALIDATION LOSS:  2.942920918367347
VALIDATION ACCURACY 38.639607628765795 %
2.214984375 2.171875
2.171 2.25
2.1860703125 2.078125
2.2036328125 2.4375
2.21525 2.40625
0.0008617152178430584
VALIDATION LOSS:  2.9065688775510203
VALIDATION ACCURACY 39.28343658892128 %
2.1649296875 2.078125
2.120046875 2.140625
2.1432421875 2.21875
2.1591640625 2.125
2.1638984375 2.28125
0.0008497624806834587
VALIDATION LOSS:  2.9190051020408165
VALIDATION ACCURACY 39.28533466958212 %
2.119015625 1.9453125
2.0758984375 2.09375
2.0934921875 2.015625
2.113578125 2.3125
2.1235234375 2.0625
0.0008373560896333438
VALIDATION LOSS:  2.889190051020408
VALIDATION ACCURACY 39.57260917759961 %
2.0772734375 1.90625
2.0406953125 2.1875
2.0591171875 2.125
2.071640625 2.09375
2.07903125 2.09375
0.000824502667964151
VALIDATION LOSS:  2.8309948979591835
VALIDATION ACCURACY 40.593491861030124 %
2.03403125 1.96875
1.9935078125 1.921875
2.01784375 2.078125
2.03996875 2.0625
2.04365625 2.0
0.0008112090775989229
VALIDATION LOSS:  2.8316326530612246
VALIDATION ACCURACY 40.635344539601554 %
1.996734375 1.84375
1.9587734375 2.046875
1.9812578125 1.859375
1.9995390625 1.9609375
2.012328125 1.84375
0.0007974824154490024
VALIDATION LOSS:  2.800701530612245
VALIDATION ACCURACY 41.34807382774539 %
1.9649140625 1.9296875
1.9191328125 2.078125
1.9437109375 1.9453125
1.966625 1.921875
1.9836484375 1.984375
0.0007833300096252791
VALIDATION LOSS:  2.787468112244898
VALIDATION ACCURACY 41.59102815233236 %
1.93209375 1.7890625
1.8881171875 2.140625
1.9150625 2.078125
1.9348203125 1.953125
1.94046875 2.046875
0.000768759415526006
VALIDATION LOSS:  2.795918367346939
VALIDATION ACCURACY 41.304797588678326 %
1.8858125 1.875
1.855390625 1.828125
1.8837109375 1.953125
1.8984140625 2.03125
1.9096484375 1.8984375
0.0007537784118032778
VALIDATION LOSS:  2.794483418367347
VALIDATION ACCURACY 41.4582574101069 %
1.858984375 1.7578125
1.822578125 1.8515625
1.8504140625 1.7734375
1.8682265625 1.875
1.881609375 1.8359375
0.0007383949962103217
VALIDATION LOSS:  2.764668367346939
VALIDATION ACCURACY 41.89690385082604 %
1.83328125 1.6171875
1.796703125 1.7578125
1.8270703125 1.8046875
1.8436640625 1.8203125
1.8508046875 1.9921875
0.0007226173813318214
VALIDATION LOSS:  2.75
VALIDATION ACCURACY 42.295500789601554 %
1.8064921875 1.640625
1.767953125 1.7578125
1.79003125 1.71875
1.8107734375 1.9609375
1.82203125 1.8046875
0.0007064539901995477
VALIDATION LOSS:  2.768016581632653
VALIDATION ACCURACY 42.17117650631681 %
1.7771796875 1.9609375
1.746921875 1.7421875
1.7741484375 1.890625
1.784078125 1.921875
1.790203125 1.8515625
0.000689913451795643
VALIDATION LOSS:  2.77359693877551
VALIDATION ACCURACY 41.798962888726926 %
1.7486484375 1.5625
1.7134375 1.5859375
1.73759375 1.5703125
1.756265625 1.890625
1.77190625 1.71875
0.0006730045964459558
VALIDATION LOSS:  2.7283163265306123
VALIDATION ACCURACY 42.7046320760447 %
1.731734375 1.65625
1.6966015625 1.703125
1.719296875 1.53125
1.73134375 1.875
1.741640625 1.6953125
0.0006557364511058858
VALIDATION LOSS:  2.7472895408163267
VALIDATION ACCURACY 42.61874392614188 %
1.7038125 1.7578125
1.6671953125 1.625
1.6850859375 1.6796875
1.7020703125 1.625
1.717765625 1.7734375
0.000638118234541257
VALIDATION LOSS:  2.735172193877551
VALIDATION ACCURACY 42.94454947157434 %
1.680609375 1.5078125
1.646171875 1.6640625
1.6691953125 1.7265625
1.68409375 1.7109375
1.6909296875 1.71875
0.0006201593524067908
VALIDATION LOSS:  2.735331632653061
VALIDATION ACCURACY 42.61361910835763 %
1.6536015625 1.6484375
1.622578125 1.65625
1.6413046875 1.6484375
1.6615859375 1.4765625
1.6742890625 1.6953125
0.0006018693922248067
VALIDATION LOSS:  2.7216198979591835
VALIDATION ACCURACY 43.03622676749271 %
1.6339765625 1.640625
1.605421875 1.4765625
1.6231171875 1.6015625
1.63509375 1.640625
1.6459140625 1.6015625
0.00058325811826683
VALIDATION LOSS:  2.735650510204082
VALIDATION ACCURACY 42.95906978862974 %
1.60603125 1.609375
1.5780703125 1.6640625
1.6013125 1.609375
1.6179453125 1.65625
1.6321171875 1.7265625
0.0005643354663408436
VALIDATION LOSS:  2.727838010204082
VALIDATION ACCURACY 43.176589832361515 %
1.5930703125 1.5078125
1.561640625 1.4765625
1.578796875 1.625
1.5914609375 1.484375
1.6054453125 1.4296875
0.0005451115384869585
VALIDATION LOSS:  2.7262436224489797
VALIDATION ACCURACY 43.18940187682216 %
1.570296875 1.6171875
1.5399765625 1.59375
1.558140625 1.5
1.570421875 1.546875
1.5817578125 1.4609375
0.0005255965975843441
VALIDATION LOSS:  2.719547193877551
VALIDATION ACCURACY 43.398380557580175 %
1.5461953125 1.4921875
1.517546875 1.546875
1.5395 1.40625
1.552234375 1.4453125
1.567375 1.59375
0.0005058010618722907
VALIDATION LOSS:  2.7169961734693877
VALIDATION ACCURACY 43.241314382896014 %
1.5319765625 1.4609375
1.503125 1.6015625
1.524671875 1.453125
1.5354375 1.5859375
1.5444921875 1.5859375
0.00048573549938833195
VALIDATION LOSS:  2.7106186224489797
VALIDATION ACCURACY 43.49660623177842 %
1.5138203125 1.421875
1.4851015625 1.4609375
1.50225 1.5625
1.5178125 1.546875
1.5265390625 1.4296875
0.0004654106223263965
VALIDATION LOSS:  2.7205038265306123
VALIDATION ACCURACY 43.45190643221574 %
1.4936875 1.5
1.470359375 1.390625
1.486859375 1.5078125
1.4970625 1.5
1.5073515625 1.5
0.0004448372813179997
VALIDATION LOSS:  2.7184311224489797
VALIDATION ACCURACY 43.45342489674441 %
1.4786796875 1.5390625
1.454828125 1.4765625
1.469125 1.640625
1.4800078125 1.5
1.4883359375 1.546875
0.000424026459639529
VALIDATION LOSS:  2.720982142857143
VALIDATION ACCURACY 43.40777605685131 %
1.4606015625 1.3671875
1.439046875 1.453125
1.45315625 1.484375
1.46503125 1.578125
1.472453125 1.4375
0.0004029892673487171
VALIDATION LOSS:  2.705676020408163
VALIDATION ACCURACY 43.75056942419825 %
1.4466640625 1.4921875
1.427484375 1.515625
1.4383984375 1.421875
1.444046875 1.4375
1.453265625 1.4921875
0.0003817369353534296
VALIDATION LOSS:  2.721779336734694
VALIDATION ACCURACY 43.622259171525755 %
1.4317421875 1.2890625
1.41346875 1.4609375
1.4289765625 1.5625
1.43425 1.4140625
1.43671875 1.375
0.000360280809415937
VALIDATION LOSS:  2.720982142857143
VALIDATION ACCURACY 43.62510629251701 %
1.41490625 1.453125
1.39996875 1.59375
1.411828125 1.46875
1.4189609375 1.484375
1.4249375 1.375
0.0003386323440958699
VALIDATION LOSS:  2.7144451530612246
VALIDATION ACCURACY 43.675785046161316 %
1.405703125 1.484375
1.38828125 1.390625
1.397703125 1.4375
1.40415625 1.390625
1.4130234375 1.5078125
0.00031680309663509256
VALIDATION LOSS:  2.714923469387755
VALIDATION ACCURACY 43.763666180758015 %
1.394515625 1.4296875
1.3698125 1.4453125
1.3854140625 1.3125
1.396890625 1.34375
1.3991328125 1.3203125
0.0002948047207877566
VALIDATION LOSS:  2.7272002551020407
VALIDATION ACCURACY 43.5153972303207 %
1.380609375 1.484375
1.366078125 1.3046875
1.3746171875 1.2578125
1.3801171875 1.3984375
1.387703125 1.40625
0.0002726489605988338
VALIDATION LOSS:  2.720025510204082
VALIDATION ACCURACY 43.645225947521865 %
1.3695390625 1.359375
1.3543515625 1.34375
1.3650546875 1.3515625
1.3730390625 1.3203125
1.376546875 1.375
0.000250347644134443
VALIDATION LOSS:  2.724170918367347
VALIDATION ACCURACY 43.50533740281827 %
1.361671875 1.2890625
1.3476484375 1.25
1.356203125 1.3671875
1.3636328125 1.3984375
1.363734375 1.390625
0.00022791267716732396
VALIDATION LOSS:  2.7216198979591835
VALIDATION ACCURACY 43.642948250728864 %
1.3527421875 1.3125
1.342125 1.3515625
1.3475703125 1.2578125
1.352625 1.390625
1.354203125 1.5078125
0.00020535603682082538
VALIDATION LOSS:  2.7224170918367347
VALIDATION ACCURACY 43.79953990524781 %
1.342796875 1.3125
1.331703125 1.421875
1.3377734375 1.2578125
1.3435703125 1.234375
1.3468125 1.3671875
0.0001826897651748024
VALIDATION LOSS:  2.7228954081632653
VALIDATION ACCURACY 43.60887770286686 %
1.3323359375 1.359375
1.3255859375 1.4765625
1.3402578125 1.5703125
1.337078125 1.3671875
1.3350859375 1.359375
0.00015992596283683546
VALIDATION LOSS:  2.723533163265306
VALIDATION ACCURACY 43.70064990281827 %
1.332515625 1.3828125
1.3263671875 1.375
1.328046875 1.3515625
1.3295078125 1.46875
1.3288203125 1.2890625
0.00013707678248220558
VALIDATION LOSS:  2.7248086734693877
VALIDATION ACCURACY 43.61390761661808 %
1.3232265625 1.3046875
1.32 1.359375
1.32296875 1.2265625
1.32390625 1.125
1.321953125 1.3203125
0.0001141544223660706
VALIDATION LOSS:  2.7254464285714284
VALIDATION ACCURACY 43.626909469144806 %
1.3159609375 1.328125
1.3109453125 1.2734375
1.3156015625 1.40625
1.3198984375 1.2890625
1.320328125 1.3125
9.117111981130942e-05
VALIDATION LOSS:  2.725286989795918
VALIDATION ACCURACY 43.67085003644315 %
1.3154296875 1.2890625
1.313859375 1.3046875
1.3189140625 1.2265625
1.316234375 1.359375
1.3130703125 1.390625
6.813914467550915e-05
VALIDATION LOSS:  2.724011479591837
VALIDATION ACCURACY 43.67075513241011 %
1.31253125 1.2109375
1.3104453125 1.3203125
1.3079140625 1.3515625
1.3067421875 1.234375
1.3123828125 1.125
4.507079280058364e-05
VALIDATION LOSS:  2.724968112244898
VALIDATION ACCURACY 43.68964103498542 %
1.3133828125 1.28125
1.306890625 1.28125
1.3094453125 1.3828125
1.310953125 1.3125
1.3093828125 1.296875
2.197837944851862e-05
VALIDATION LOSS:  2.724968112244898
VALIDATION ACCURACY 43.67474110179786 %
1.3091953125 1.4609375
1.305203125 1.25
1.3055390625 1.1953125
1.309265625 1.34375
1.3105 1.2734375
-1.125767273247345e-06
